//matricea de adiacenta care contine distantele intre orasele unde trebuie sa ajunga Mosul
float A[V][V] = { {0, 13182.32, 13248.93, 13526.01, 13260.42, 13041.45},
                  {13182.32, 0, 281.48, 763.50, 331.95, 147.66},
                  {13248.93, 281.48, 0, 988.47, 50.47, 396.40},
                  {13526.01, 763.50, 988.47, 0, 1031.61, 778.62},
                  {13260.42, 331.95, 50.47, 1031.61, 0, 445.20},
                  {13041.45, 147.66, 396.40, 778.62, 445.20, 0} };
